61452.08611446485 -133127.94672498797  1
61490.169836701076 -132904.94101127487
61506.659695813665 -132843.69296314238
61520.008629380995 -132733.76056905848
61530.21663740308 -132694.4989997428
61559.27019869668 -132645.02942240503
61597.74653662605 -132488.7683765286
61600.887462171304 -132422.02370869194
61595.39084246711 -132390.6144532394
61528.64617463044 -132219.434011023
61534.14279433464 -132186.45429279783
61536.498488493584 -132103.2197658486
61547.49172790197 -132053.7501885108
61557.699735924056 -132023.9113958309
61583.6123716724 -131992.50214037835
61602.457924943934 -131957.16672799422
61606.384081875505 -131935.18024917744
61602.45792494395 -131914.37161744013
61588.32375999029 -131870.39865980655
61575.36744211612 -131831.92232187718
61552.98834760618 -131796.58690949308
61517.260319528905 -131743.97640661005
61474.85782466797 -131683.5135898639
61419.10639623967 -131621.08769465194
61381.80790538977 -131570.44027023469
61352.06726663314 -131531.66947053545
61317.615239558625 -131492.8986708362  1
61474.85782466796 -131412.41245373906  1
61491.5439916271 -131431.8469305503
61510.58585274521 -131446.76632689024
61540.22833757855 -131461.48941538364
61559.46650654325 -131468.36019001386
61587.53852860397 -131474.2494254112
61603.439464176816 -131477.58665880305
61637.59702948147 -131476.60511957016
61657.62042983246 -131475.62358033724
61686.28137543291 -131529.0193146066
61712.39031902784 -131594.3898275172
61743.21065094066 -131672.32404260885
61758.52266297376 -131730.62747304264
61779.72391040423 -131799.72783503824
61804.06608337996 -131843.30817697867
61850.0021194793 -131913.1937703606
61886.51537894289 -132020.77047028558
61902.612622362314 -132069.84743193016
61912.03539899808 -132094.9748362922
61935.592340587486 -132135.80686838052  -1
61973.28344713055 -132168.7865866057
62010.97455367361 -132184.0985986388
62051.0213543756 -132187.63213987724
62083.21584121446 -132187.2395241841
62138.57465394958 -132172.71274353727
62168.80606232266 -132160.5416570494
62192.75561960523 -132145.22964501628
62215.91994550149 -132128.73978590372
62250.077510806135 -132100.86407168958
62271.27875823661 -132074.1662045549
62320.35571988121 -132010.16984657035
62327.05472514562 -132001.77768612918
62333.14026838955 -131988.6250604084
62340.698120482826 -131976.25766607397
62353.163668740555 -131959.08072949835
62393.774854501484 -131902.10237702893
62404.768093909894 -131871.8218916942  -1
62409.87209792093 -131825.591393825
62409.97025184421 -131795.50721633685
62411.1480989237 -131765.76657758022
62410.55917538397 -131721.10654248364
62409.77394399765 -131672.61850437877
62406.24040275923 -131631.39385659734
62392.00808388233 -131536.28270493
62377.972072851946 -131469.04726747697
62369.72714329565 -131435.67493355865
62361.678521585935 -131406.42506441846
62342.0477369281 -131329.76685032956  1
62480.76376901653 -131306.45529354835  1
62488.419775033086 -131337.76639507757
62494.996087893465 -131360.73441312727
62510.70071561972 -131416.28953370894
62526.405343346 -131489.31605263613
62545.64351231069 -131573.33581097168
62557.029367412244 -131648.7180240578
62571.556148059055 -131712.3217663492
62581.76415608113 -131753.9390298238
62595.50570534162 -131774.55135371457
62615.7254135392 -131783.188898964
62638.497123742294 -131784.17043819692  -1
62652.827596542535 -131778.28120279955
62669.90637919486 -131766.1101163117
62712.897797595535 -131729.20424115495
62759.22644938803 -131690.72790322555
62797.702787317394 -131660.10387915932
62831.27142908231 -131632.0318570986
62875.0480788693 -131594.53705840211
62936.49243484835 -131536.23362796832
62958.87152935828 -131513.8545334584  1
63083.723319782155 -131632.81708848488
63092.4590189549 -131640.669402348  1
63068.21499990246 -131665.4041910169
63046.03221323909 -131689.8445179159
62996.17002020818 -131738.13624817418
62939.63336039359 -131772.09750563223
62929.621660218094 -131794.67290798874
62850.90221374014 -131866.32527198992
62805.75140902711 -131890.66744496563
62666.765453649576 -131954.27118725705
62594.52416610871 -131985.6804427096
62538.380121987284 -132017.87492954844
62463.390524594324 -132080.30082476037
62382.511691804015 -132175.7064381975
62307.12947871789 -132262.47450638516
62249.80758751699 -132320.58162897237
62154.00935838671 -132370.83643769645
62040.93603875754 -132417.95032087527
61941.2116526957 -132442.29249385098
61845.41342356542 -132456.42665880462
61762.96412800248 -132452.50050187306  -1
61738.621955026756 -132518.4599383234
61713.49455066472 -132659.01635647356
61649.8908083733 -132856.1094344383
61563.515355878786 -133149.78597291964  1
